%===============================================================================
% kleed_nomadm_x0:  Returns the initial iterate(s) for the kleed_nomadm problem
% ------------------------------------------------------------------------------
% iterate = vector of one or more initial iterates, each iterate a structure
%   .x    =   vector of continuous variable values
%   .p    =   cell array of categorical variable values
%===============================================================================
function iterate = kleed_nomadm_x0

% Best Feasible Point (BFP)
iterate.x = [-1.87570000; -1.79410005; -1.80669999; -0.38609999; -0.25279999;
             -0.04610000;  0.06900000;  0.18740000;  1.71120000;  1.73500001;
              1.73780000;  1.74670005;  1.77509999;  1.78970003;
              0;           3.11409998;  3.00469995;  6.22499990;  3.93790007;
              1.25520003;  3.67379999;  3.70930004;  5.03980017;  0;
              5.03550005;  2.47029996;  2.54450011;  2.43709993;
              0;           0;          -3.00469995;  1.29130006;  6.22499990;
              1.25520003;  1.21249998;  3.70930004;  0;           0;
              5.03550005;  5.04020023;  0;           2.43709993];

iterate.p = {1,1,1,1,1,2,2,2,2,2,2,2,2,2};
return
